 
[‎3/‎14/‎2019 12:15 PM]  Desai, Jay [GTSUS NON-J&J]:
  
13562,8080,28000,4242,50020,8041,8042,8032,10033,1006,51000,25010,8090,8038,8022,18088,8480,60030,50070,19888,26000,18081,9290,8485,8018,8021,8023,2181,8031,50030,25000,14000,14001,11001,9090,8040,7077,19890,41414,2888,50495,11060,12000,12001,10000,50470,8020,60000,23000,50060,8481,4181,11000,16000,16000,16001,50111,10020,11443,2049,8888,8044,7078,3888,9010,60010,50090,8005,9083,50075,8030,8033,1004,20550,50010,3181,8085,18080,8088,25020,23020,9095,8019,60020,50475,24000,111 
 
10101,19001,4443,4867,5678,7180,7182,7183,7184,7185,7186,7187,7190,7191,7432,8083,8084,8086,8087,8089,8091,9000,9994,9995,9996,9997,9998,9999


All PORTS:

13562,8080,28000,4242,50020,8041,8042,8032,10033,1006,51000,25010,8090,8038,8022,18088,8480,60030,50070,19888,26000,18081,9290,8485,8018,8021,8023,2181,8031,50030,25000,14000,14001,11001,9090,8040,7077,19890,41414,2888,50495,11060,12000,12001,10000,50470,8020,60000,23000,50060,8481,4181,11000,16000,16001,50111,10020,11443,2049,8888,8044,7078,3888,9010,60010,50090,8005,9083,50075,8030,8033,1004,20550,50010,3181,8085,18080,8088,25020,23020,9095,8019,60020,50475,24000,111,10101,19001,4443,4867,5678,7180,7182,7183,7184,7185,7186,7187,7190,7191,7432,8083,8084,8086,8087,8089,8091,9000,9994,9995,9996,9997,9998,9999